1  0.00
2  0.00
3  0.00
4  0.00
5  0.00
6  0.00
7  0.00
8  0.00
9 5506.08
10 5506.08
11 5506.08
12 5509.13
13 5508.79
14 5509.41
15 5502.47
16 5416.20
17 5416.20
18 5416.20
19 5420.04
20 5423.90
21 5431.69
22 5448.21
23 5453.60
24 5472.18
25 5471.94
26 5472.06
27  0.00
28  0.00
29  0.00
30  0.00
31  0.00
32  0.00
33 4950.89
34 4950.89
35 4950.89
36 5233.75
37 5233.36
38 5229.18
39 5227.46
40 5225.13
41 5225.50
42 5223.88
43 5220.93
44 5215.89
45 5215.82
46 5218.80
47 5227.27
48 5237.46
49 5245.63
50 5249.54
51 5249.77
52 5241.76
53 5240.48
54 5242.28
55 5239.69
56 5231.60
57 5221.17
58 5219.65
59 5214.01
60 5221.41
61 5215.47
62 5229.08
63 5239.33
64 5246.41
65 5251.07
66 5252.63
67 5257.14
68 5266.66
69 5246.94
70 5228.18
71 5218.26
72 5215.71
73 5206.94
74 5211.69
75 5207.41
76 5210.05
77 5223.28
78 5223.28
79  0.00
80  0.00
81  0.00
82  0.00
83  0.00
84  0.00
85  0.00
86  0.00
87  0.00
88  0.00
89  0.00
90  0.00
91  0.00
92  0.00
93  0.00
94  0.00
95  0.00
96  0.00
97  0.00
98  0.00
99  0.00
100 5250.20
101 5182.54
102 5207.20
103 5211.39
104 5216.50
105 5214.80
106 5212.88
107 5214.73
108 5217.25
109 5217.75
110 5217.39
111 5221.16
112 5219.99
113 5882.87
114 5925.24
115 5948.27
116 5950.67
117 5961.00
118 5926.79
119 5802.36
120 5622.98
121 5622.98
122 5622.98
123 5722.56
124 5785.02
125 5844.64
126 3996.72
127 3996.72
128 4008.18
129 4015.19
130 4020.44
131 4029.54
132 4029.54
133 4029.11
134 4030.98
135 4031.24
136 4039.90
137 4042.67
138 4737.91
139 4736.62
140 4742.02
141 4750.30
142 4743.94
143 4747.88
144 4748.76
145 4748.76
146 4747.38
147 4751.10
148 4746.66
149  0.00
150  0.00
151  0.00
152  0.00
153  0.00
154  0.00
155  0.00
156  0.00
157 7110.58
158 7110.58
159 7110.58
160 7110.58
161 7122.68
162 7125.80
163 7122.98
164 7122.90
165 7119.09
166 7123.43
167 7118.15
168 7113.48
169 7104.51
170 7096.28
171 7090.60
172 7091.88
173 7088.89
174 7095.75
175 7098.99
176 7112.11
177 7119.13
178 7126.32
179 7127.11
180 7128.88
181 7128.68
182 7131.83
183 7132.11
184 7126.06
185 7122.76
186 7115.07
187 7104.13
188 7078.13
189 7076.29
190 7084.86
191 7103.52
192 7105.90
193 5919.43
194 5927.17
195 5936.90
196 5944.13
197 5943.58
198 5948.09
199 5947.99
200 5954.56
201 5956.42
202 5955.14
203 5948.76
204 5948.11
205 5943.67
206 5939.69
207 5936.47
208 5936.25
209 5936.42
210 5936.37
211 5938.62
212 5939.76
213 5942.46
214 5944.93
215 5950.80
216 5953.03
217 5947.81
218 5955.91
219 6058.60
220 5940.80
221 5941.04
222 5941.01
223 5936.36
224 5934.45
225 5933.11
226 5936.16
227 5932.85
228 5928.95
229 5929.30
230 5932.42
231 5939.39
232 5938.19
233 5933.69
234 5933.83
235 5921.52
236 5911.71
237 5932.02
238 5932.02
239 5932.02
240 5929.32
241 5926.75
242 5927.80
243 5931.73
244 5929.66
245 5923.29
246 5917.94
247 5918.23
248 5921.06
249 5919.59
250 5921.55
251 5922.93
252 5924.43
253 5922.32
254 5921.51
255 5919.63
256 5920.50
257 5928.87
258 5941.38
259 5919.58
260 5919.58
261 5922.90
262 5930.79
263 5935.36
264 5935.56
265 5932.71
266 5933.19
267 5934.11
268 5936.14
269 5930.43
270 5934.65
271 5965.58
272 5986.12
273 5988.99
274 5986.71
275 5967.93
276 5952.82
277 5950.09
278 5943.48
279 5935.13
280 5932.20
281 5938.71
282 5936.83
283 5930.90
284 5937.65
285 5947.84
286 5968.10
287  0.00
288  0.00
289  0.00
290  0.00
291  0.00
292  0.00
293 5983.77
294 5989.03
295 5949.77
296 5741.33
297 5737.30
298 5728.95
299 5723.18
300 5721.40
301 5725.63
302 5733.65
303 5725.51
304 5726.31
305 5721.02
306 5723.61
307 5751.00
308 5738.74
309 5743.11
310 5729.62
311 5726.70
312 5738.91
313 5703.93
314 5738.91
315 5712.30
316 5712.30
317 5712.30
318 5712.30
319 5713.59
320 5712.24
321 5713.38
322 5712.42
323 5707.81
324 5703.84
325 5702.10
326 5703.45
327 5708.10
328 5706.15
329 5711.48
330 5712.78
331 5714.82
332 5717.13
333 5716.05
334 5716.92
335 5718.09
336 5717.68
337 5712.14
338 5713.20
339 5715.85
340 5718.28
341 5716.03
342 5714.25
343 5730.43
344 5824.55
345 5892.28
346 5903.92
347 5911.23
348 5916.49
349 5916.08
350 5913.52
351 5904.98
352 5900.01
353  0.00
354 6903.63
355 6928.82
356 6925.85
357 6923.05
358 6908.46
359 6906.38
360 6908.80
361 6905.96
362 6910.79
363 6917.70
364 6911.59
365 6907.07
366 6904.73
367 6912.96
368 6908.53
369 6914.27
370 7086.33
371 7086.33
372 5925.40
373 5943.45
374 5939.52
375 5940.86
376 5942.99
377 5944.53
378 5941.60
379 5927.74
380 5919.46
381 5920.61
382 5917.49
383 5923.50
384 5925.20
385 5930.65
386 5926.87
387 5925.71
388 5917.99
389 5917.79
390 5929.02
391 5965.04
392 5811.05
393  0.00
394  0.00
395  0.00
396  0.00
397  0.00
398  0.00
399  0.00
400  0.00
401  0.00
402  0.00
403  0.00
404  0.00
405  0.00
406  0.00
407  0.00
408 5507.07
409 5503.35
410 5503.09
411 5493.16
412 5494.24
413 5493.05
414 5498.73
415 5495.44
416 5493.89
417 5493.73
418 5502.90
419 5520.21
420 5541.19
421 5547.27
422  0.00
423  0.00
424  0.00
425  0.00
426  0.00
427 5645.21
428 5728.13
429 5727.05
430 5726.99
431 5723.29
432 5721.44
433 5724.82
434 5726.54
435 5729.27
436 5725.40
437 5723.57
438 5721.29
439 5721.65
440 5734.19
441 5750.59
442 5751.18
443 5746.32
444 5726.58
445 5739.96
446 5734.82
447 5750.13
448 5744.82
449 5737.38
450 5774.60
451 5811.05
452 5757.92
453 5735.57
454 5736.74
455 5774.60
456 5774.60
457 5737.34
458 5770.07
459 5815.41
460 5882.03
461 5953.01
462 5965.04
463 5985.29
464 5889.07
465 5902.96
466 5910.05
467 5917.55
468 5924.28
469 5928.68
470 5922.36
471 5921.43
472 5918.59
473 5924.57
474 5925.67
475 5919.49
476 5911.03
477 5905.91
478 5906.32
479 5921.70
480 5924.08
481 5922.48
482 5918.64
483 5918.86
484 5918.87
485 5924.86
486 5930.69
487 5921.62
488 5919.53
489 5918.68
490 5920.73
491 5922.11
492 5919.14
493 5917.33
494 5925.24
495 5874.88
496 5933.93
497 5937.52
498 5956.80
499 5975.89
500 5969.45
501 5963.43
502 6000.72
503 6006.16
504 6016.55
505 6011.91
506 6012.01
507 6015.05
508 6010.93
509 6012.87
510 6008.91
511 6015.88
512 6012.39
513 6011.13
514 6006.16
515 6008.62
516 6016.72
517 6024.55
518 6021.23
519 6022.82
520 6016.42
521 6015.34
522 6001.62
523 5988.75
524 5996.74
525 5992.75
526 6004.31
527 6012.03
528 6036.55
529 6047.50
530 6047.50
531 6139.86
532 6178.70
533 6182.71
534 6182.02
535 6194.24
536 6182.47
537 5886.33
538 5927.75
539 4031.07
540 4031.07
541 4032.93
542 4026.58
543 4022.54
544 4022.55
545 4023.92
546 4021.90
547 4018.78
548 4020.82
549 4024.11
550 4022.42
551 4023.74
552 4021.53
553 4024.02
554 4023.19
555 4025.51
556 4025.65
557 5985.29
558 5931.42
559 5924.07
560 5915.68
561 5916.37
562 5912.51
563 5916.48
564 5915.05
565 5916.23
566 5946.39
567 5989.04
568 6014.06
569 6028.81
570 6134.07
571 6272.65
572 6027.69
573 5977.79
574 5935.19
575 5910.80
576 5910.80
577 5032.08
578 5032.08
579 5032.08
580 5032.08
581 5029.80
582 4738.35
583 4739.64
584 4737.47
585 4739.52
586 4743.62
587 4744.54
588 5034.61
589  0.00
590  0.00
591  0.00
592  0.00
593  0.00
594  0.00
595  0.00
596  0.00
597  0.00
598  0.00
599  0.00
600  0.00
601  0.00
602  0.00
603  0.00
604  0.00
605  0.00
606  0.00
607  0.00
608  0.00
609  0.00
610 5462.34
611 5492.01
612 5504.92
613 5512.84
614 5516.72
615 5516.10
616 5516.56
617 5516.35
618 5505.62
619 5501.05
620 5502.07
621 5506.05
622 5503.56
623 5499.31
624 5499.74
625 5504.18
626 5505.49
627 5508.00
628 5508.43
629 5510.20
630 5513.01
631 5497.70
632 5501.96
633 5495.69
634 5502.57
635 5502.84
636 5519.55
637 5534.05
638  0.00
639  0.00
640  0.00
641  0.00
642  0.00
643  0.00
644  0.00
645  0.00
646 4206.98
647 4228.51
648 4230.99
649 4237.09
650 4235.61
651 4233.44
652 4234.15
653 4230.45
654 4234.76
655 4236.34
656 4233.27
657 4231.31
658 4236.31
659 4239.37
660 4235.08
661 4237.63
662 4242.73
663 4254.76
664 4257.45
665 4254.92
666 4172.15
667 4198.04
668 4218.56
669 4238.61
670 4248.70
671 4280.45
672 4332.03
673 4345.23
674 4357.29
675 4351.66
676 4354.24
677 4338.14
678 4326.15
679 4317.59
680 4312.72
681 4314.93
682 4316.36
683 4335.66
684 4049.35
685 4049.35
686 4049.35
687 4049.35
688 4046.20
689 4040.49
690 4037.90
691 4035.91
692 4039.31
693 4038.02
694 4031.93
695 4028.85
696 4026.68
697 4030.52
698 4030.46
699 4031.48
700 4028.01
701 4028.71
702 4028.20
703 4028.90
704 4029.59
705 4030.28
706 4029.47
707 4026.66
708 4025.34
709 4026.48
710 4027.19
711 4024.96
712 4023.88
713 4024.45
714 4023.17
715 4024.68
716 4023.90
717 4023.76
718 4023.90
719 4020.99
720 4021.59
721 4021.25
722 4024.17
723 4025.08
724 4025.82
725 4025.42
726 4023.72
727 4024.70
728 4024.32
729 4025.23
730 4024.54
731 4028.12
732 4033.72
733 4037.54
734 4029.60
735 4030.72
736 4031.05
737 4036.28
738 4038.51
739 4042.70
740 4040.85
741 4039.31
742 4036.55
743 4035.06
744 4036.83
745 4036.44
746 4038.23
747 4036.94
748 4026.25
749 4026.55
750 4031.86
751 4036.48
752 4032.82
753 4040.66
754 4034.43
755 4045.80
756 4027.32
757 4026.67
758 4024.65
759 4031.64
760 4039.73
761 4046.88
762 4021.52
763 4015.15
764 4018.18
765 4038.23
766 4045.56
767 4040.40
768 4038.57
769 4035.90
770 4033.85
771 4029.58
772 4024.05
773 4027.58
774 4031.27
775 4034.35
776 4036.68
777 4033.13
778 4035.64
779 4032.59
780 4033.54
781 4028.13
782 4024.58
783 4020.32
784 4024.40
785 4019.59
786 4025.48
787 4030.09
788 4033.33
789 4034.46
790 4028.39
791 4027.12
792 4026.98
793 4028.73
794 4025.35
795 4025.20
796 4023.98
797 4027.20
798 4029.72
799 4029.50
800 4029.34
801 4029.34
802 4038.04
803 4038.04
804 4038.04
805 4038.04
806 4046.50
807 4046.01
808 4044.02
809 4041.49
810 4040.87
811 4045.22
812 4044.97
813 4043.01
814 4042.84
815 4044.75
816 4045.43
817 4046.54
818 4044.22
819 4042.00
820 4038.69
821 4037.62
822 4041.94
823 4040.82
824 4043.96
825 4042.38
826 4046.02
827 4047.01
828 4047.69
829 4051.43
830 4050.75
831 4053.31
832 4050.41
833 4051.34
834 4056.93
835 4048.85
836 4043.37
837 4038.91
838 4039.25
839 4042.61
840 4038.86
841 4041.04
842 4035.28
843 4039.35
844 4043.49
845 4048.51
846 4066.66
847 4066.66
848 4161.35
849  0.00
850  0.00
851  0.00
852  0.00
853  0.00
854  0.00
855  0.00
856  0.00
857  0.00
858  0.00
859  0.00
860  0.00
861  0.00
862  0.00
863  0.00
864 6096.37
865 6173.69
866 5983.60
867 5997.82
868 6000.87
869 6011.10
870 6009.25
871 6007.52
872 6006.07
873 6007.79
874 6006.37
875 6002.53
876 6001.63
877 6005.63
878 6011.95
879 6014.22
880 6005.15
881 5991.06
882 5988.42
883 5982.11
884 5940.52
885 5929.42
886 5932.66
887 5930.19
888 5932.82
889 5930.71
890 5929.23
891 5930.39
892 5925.33
893 5917.83
894 5915.32
895 5914.76
896 5927.13
897 5921.40
898 5920.57
899 5907.66
900 5882.77
901 5887.36
902 5865.22
903 5850.36
904 5845.00
905 5842.98
906 5844.26
907 5843.85
908 5843.95
909 5846.10
910 5850.92
911 5839.70
912 5847.17
913 5848.47
914 5848.46
915 5849.38
916 5863.10
917 5882.31
918 5897.62
919 5925.24
920 5919.01
921 5901.60
922 5922.63
923 5927.07
924 5928.93
925 5919.29
926 5917.63
927 5913.68
928 5921.80
929 5908.53
930 5907.52
931 5901.58
932 5908.00
933 5903.69
934 5914.40
935 5907.07
936 5916.62
937 5916.54
938 5918.84
939 5921.63
940 5919.48
941 5923.66
942 5926.29
943 5928.81
944 5926.47
945 5929.78
946 5917.64
947 5909.75
948 5888.68
949 5895.27
950 5892.60
951 5902.93
952 5897.69
953 5910.98
954 5907.79
955 5929.16
956 5915.67
957 5917.43
958 5894.07
959 5925.28
960 5932.55
961 5932.61
962 5929.39
963 5926.45
964 5924.52
965 5910.91
966 5900.40
967 5909.65
968 5905.70
969 5920.54
970 5920.74
971 5930.25
972 5923.75
973 5936.10
974 5933.79
975 5936.34
976 5933.90
977 5946.08
978 5949.15
979 5929.25
980 5954.35
981 5969.03
982 5953.43
983 5942.28
984 5942.58
985 5939.44
986 5942.59
987 5934.12
988 5936.25
989 5929.82
990 5941.20
991 5936.66
992 5932.69
993 5943.21
994 5947.71
995 5951.81
996 5942.22
997 5942.22
998  0.00
999  0.00
1000  0.00
1001  0.00
1002  0.00
1003  0.00
1004  0.00
1005  0.00
1006  0.00
1007  0.00
1008  0.00
1009  0.00
1010  0.00
1011  0.00
1012  0.00
1013  0.00
1014  0.00
1015 4727.73
1016 4731.70
1017 4729.56
1018 4735.38
1019 4734.28
1020 4734.65
1021 4732.84
1022 4730.27
1023 4724.54
1024 4724.60
1025 4722.77
1026 4727.86
1027 4727.24
1028 4730.47
1029 4731.78
1030 4736.18
1031 4733.54
1032 4732.57
1033 4728.68
1034 4732.21
1035 4722.81
1036 5960.07
1037 5960.07
1038 5940.63
1039 5939.16
1040 5935.54
1041 5933.45
1042 5929.03
1043 5924.53
1044 5926.48
1045 5924.48
1046 7127.88
1047 7123.83
1048 7129.13
1049 7121.85
1050 7119.96
1051 7114.33
1052 7117.46
1053 7117.33
1054 7112.54
1055 7121.64
1056 7165.04
1057 7125.24
1058 7137.70
1059 7137.69
1060 7135.88
1061 7133.84
1062 7132.86
1063 7137.61
1064 7132.85
1065 7139.06
1066 7123.20
1067 7111.51
1068 7111.51
1069 7111.51
1070 7125.35
1071 7125.19
1072 7129.28
1073 7247.50
1074 4733.82
1075 4734.59
1076 4734.26
1077 4734.31
1078 4732.48
1079 4728.77
1080 4729.25
1081 4731.16
1082 4735.17
1083 4732.11
1084 4732.26
1085 4732.85
1086 4738.54
1087 4743.11
1088 4736.73
1089 4734.91
1090 4726.38
1091 4723.60
1092 4712.18
1093 4712.50
1094 4715.68
1095 4716.34
1096 4715.27
1097 4714.33
1098 4715.12
1099 4715.93
1100 4717.93
1101 4721.97
1102 4722.80
1103 4726.44
1104 4724.02
1105 4727.55
1106 4723.46
1107 4716.24
1108 4708.08
1109 4705.59
1110 4720.75
1111 4686.33
1112 4645.17
1113 4635.04
1114 4633.46
1115 4649.93
1116 4690.69
1117 4712.22
1118 4719.37
1119 4725.24
1120 4725.24
1121 4765.04
1122  0.00
1123  0.00
1124  0.00
1125  0.00
1126  0.00
1127 5521.50
1128 5563.17
1129 5559.03
1130 5557.94
1131 5546.35
1132 5541.05
1133 5540.41
1134 5536.66
1135 5530.26
1136 5528.89
1137 5528.34
1138 5530.15
1139 5534.42
1140 5535.20
1141 5540.07
1142 5527.15
1143 5571.95
1144 5571.95
1145 5571.95
1146 5571.95
1147 5445.63
1148 5440.08
1149 5440.81
1150 5440.03
1151 5443.22
1152 5448.49
1153 5463.48
1154 5478.03
1155 5483.01
1156 5480.34
1157 5467.85
1158 5466.06
1159 5465.93
1160 5447.67
1161 5446.62
1162 5461.85
1163 5475.77
1164 5471.47
1165 5196.75
1166 5196.75
1167 5205.08
1168 5208.97
1169 5209.64
1170 5207.64
1171 5212.42
1172 5212.90
1173 5214.42
1174 5216.05
1175 5213.05
1176 5207.80
1177 5207.73
1178 5214.13
1179 5214.20
1180 5208.10
1181 5200.72
1182 5182.94
1183 5099.32
1184 5090.42
1185 5100.53
1186 5107.58
1187 5120.94
1188 5122.07
1189 5132.08
1190 5138.77
1191 5144.56
1192 5164.43
1193 5184.01
1194 5207.39
1195 5215.11
1196 5224.71
1197 5230.60
1198 5263.91
1199 5291.17
1200 5344.23
1201 5388.29
1202 5290.79
1203 4808.98
1204 4808.98
1205 4808.98
1206 4808.98
1207 4813.16
1208 4810.79
1209 4815.18
1210 4821.17
1211 4816.72
1212 4807.02
1213 4804.02
1214 4793.71
1215  0.00
1216  0.00
1217  0.00
1218  0.00
1219  0.00
1220  0.00
1221 4751.10
1222 4756.26
1223 4764.60
1224 4753.62
1225 4747.64
1226 4735.39
1227 4739.32
1228 4740.26
1229 4736.72
1230 4738.27
1231 4730.78
1232 4732.23
1233 4724.48
1234 4730.09
1235 4726.91
1236 4726.91
1237 4748.92
1238 4825.49
1239 4825.49
1240 4825.49
1241 4808.13
1242 4801.67
1243 4796.89
1244 4796.89
1245 4791.50
1246 4787.73
1247 4786.04
1248 4787.44
1249 4784.48
1250 4783.12
1251 4779.12
1252 4774.04
1253 4776.12
1254 4753.09
1255 4742.06
1256 4728.58
1257 4683.58
1258 4683.58
1259 5080.94
1260 5090.17
1261 5094.07
1262 5102.86
1263 5101.40
1264 5098.90
1265 5097.51
1266 5092.22
1267 5103.75
1268 5103.69
1269 5109.77
1270 5104.99
1271 5107.08
1272 5109.14
1273 5119.97
1274 4785.29
1275 5185.35
1276 5141.02
1277 5181.20
1278 5195.93
1279 5205.94
1280 5204.98
1281 5205.04
1282 5204.62
1283 5214.37
1284 5216.75
1285 5235.42
1286 5232.73
1287 5224.91
1288 5216.53
1289 5226.23
1290 5239.17
1291 5260.66
1292 5360.02
1293 5390.84
1294 5394.03
1295 5403.28
1296 5410.17
1297 5426.43
1298 5421.96
1299 5419.89
1300 5422.78
1301 5417.56
1302 5417.56
1303 5416.55
1304 5422.62
1305 5422.59
1306 5432.08
1307 5446.59
1308 5452.14
1309 5459.95
1310 5470.90
1311 5469.28
1312 5493.05
1313 5493.30
1314 5498.37
1315 5496.76
1316 5501.00
1317 5494.12
1318 5492.00
1319 5495.00
1320 5504.29
1321 5510.83
1322 5505.58
1323 5489.66
1324 5459.86
1325 5457.92
1326 5471.93
1327 5482.49
1328 5893.08
1329 5893.08
1330 5827.68
1331 5814.83
1332 5807.67
1333 5804.20
1334 5806.77
1335 5810.54
1336 5818.92
1337 5822.78
1338 5818.49
1339 5826.18
1340 5824.35
1341 5823.14
1342 5810.36
1343 5826.08
1344 5847.51
1345 5862.94
1346 5859.77
1347 5947.62
1348 5931.86
1349 5930.44
1350 5926.90
1351 5918.22
1352 5921.38
1353 5917.13
1354 5920.31
1355 5921.84
1356 5921.17
1357 5912.94
1358 5916.71
1359 5913.09
1360 5929.81
1361 5940.05
1362 5958.34
1363 5961.92
1364 5965.04
1365 5997.01
1366 6008.89
1367 6011.12
1368 6012.96
1369 6008.50
1370 6012.57
1371 6020.29
1372 6015.67
1373 6011.39
1374 6012.40
1375 6017.09
1376 6015.74
1377 6009.49
1378 6008.00
1379 6004.18
1380 5985.35
1381 5933.25
1382 5914.20
1383 5921.14
1384 5923.60
1385 5926.74
1386 5923.93
1387 5922.53
1388 5919.49
1389 5922.33
1390 5920.24
1391 5920.86
1392 5919.45
1393 5921.42
1394 5923.87
1395 5920.12
1396 5922.94
1397 5918.45
1398 5915.84
1399 5868.65
1400 5845.57
1401 5839.34
1402 5836.04
1403 5839.87
1404 5840.44
1405 5847.40
1406 5845.39
1407 5856.75
1408 5858.05
1409 5865.87
1410 5859.96
1411 5865.51
1412 5863.34
1413 5880.57
1414 5907.03
1415 5939.21
1416 6006.39
1417 6019.77
1418 6019.37
1419 6013.03
1420 6017.89
1421 6007.76
1422 6011.83
1423 6003.77
1424 6014.37
1425 6010.93
1426 6012.86
1427 6017.42
1428 6023.38
1429 6026.39
1430 6027.01
1431 6027.18
1432 6011.03
1433 6002.83
1434 5993.93
1435 5944.40
1436 5933.48
1437 5938.52
1438 5942.45
1439 5945.14
1440 5938.65
1441 5934.34
1442 5936.43
1443 5934.64
1444 5925.67
1445 5921.70
1446 5916.87
1447 5931.92
1448 5934.88
1449 5934.77
1450 5933.11
1451 5934.94
1452 5936.57
1453 5936.91
1454 5949.81
1455 5961.91
1456 5965.36
1457 5947.35
1458 5915.09
1459 5924.71
1460 5926.76
1461 5924.04
1462 5924.14
1463 5926.69
1464 5929.55
1465 5900.39
1466 5894.69
1467 5884.91
1468 5884.26
1469 5901.47
1470 5903.98
1471 5921.08
1472 5914.88
1473 5892.72
1474 5903.07
1475 5913.18
1476 5921.15
1477 5926.75
1478 5924.70
1479 5922.12
1480 5918.34
1481 5920.62
1482 5919.85
1483 5933.30
1484 5942.76
1485 5944.41
1486 5934.22
1487 5919.89
1488 5924.41
1489 5925.17
1490 5876.48
1491 5876.48
1492 5876.48
1493 5885.83
1494 5896.43
1495 5909.76
1496 5929.01
1497 5915.84
1498 5925.24
1499  0.00
1500  0.00
1501  0.00
1502  0.00
1503  0.00
1504  0.00
1505  0.00
1506  0.00
1507  0.00
1508  0.00
1509 5434.80
1510 5434.71
1511 5437.16
1512 5437.19
1513 5439.39
1514 5436.03
1515 5430.44
1516 5433.61
1517 5443.28
1518 5446.44
1519 5445.27
1520 5441.14
1521 5440.90
1522 5449.21
1523 5478.15
1524 5500.25
1525 5529.32
1526 5527.80
1527 5557.87
1528 5589.32
1529 5599.22
1530 5606.22
1531 5608.01
1532 5605.13
1533 5604.90
1534 5600.50
1535 5607.20
1536 5604.83
1537 5602.30
1538 5600.32
1539 5602.60
1540 5614.02
1541 5610.94
1542 5620.10
1543 5633.71
1544 5699.99
1545 5689.02
1546 5694.73
1547 5708.65
1548 5712.59
1549 5719.63
1550 5715.34
1551 5708.67
1552 5700.62
1553 5696.58
1554 5695.21
1555 5689.80
1556 5684.25
1557 5686.31
1558 5695.32
1559 5710.65
1560 5713.60
1561 5719.66
1562 5726.70
1563 5730.33
1564 5724.27
1565 5722.13
1566 5717.26
1567 5713.41
1568 5693.66
1569 5676.65
1570 5664.74
1571 5677.18
1572 5690.21
1573 5696.70
1574 5695.24
1575 5692.69
1576 5709.53
1577 5735.60
1578 5743.06
1579 5734.05
1580 5726.56
1581 5716.31
1582 5701.10
1583 5704.20
1584 5738.91
1585 5683.93
1586 5699.00
1587 5684.37
1588 5702.08
1589 5717.46
1590 5718.40
1591 5726.62
1592 5726.69
1593 5729.02
1594 5728.59
1595 5731.07
1596 5730.45
1597 5725.26
1598 5720.98
1599 5722.79
1600 5723.92
1601 5723.40
1602 5718.29
1603 5722.04
1604 5594.84
1605 5594.84
1606 5594.84
1607 5588.08
1608 5592.75
1609 5610.32
1610 5611.98
1611 5613.41
1612 5603.42
1613 5607.79
1614 5607.52
1615 5609.75
1616 5608.29
1617 5609.31
1618 5612.71
1619 5616.87
1620 5617.82
1621 5615.67
1622 5636.43
1623 5669.65
1624 5680.30
1625 5688.07
1626 5691.71
1627 5698.68
1628 5691.66
1629 5690.82
1630 5690.29
1631 5689.67
1632 5692.61
1633 5698.23
1634 5700.53
1635 5700.51
1636 5696.49
1637 5843.21
1638 5885.07
1639 5892.42
1640 5867.20
1641 5916.61
1642 5928.81
1643 5930.11
1644 5931.78
1645 5929.04
1646 5929.37
1647 5929.23
1648 5927.98
1649 5928.02
1650 5926.56
1651 5929.93
1652 5932.13
1653 5936.19
1654 5937.03
1655 5930.16
1656 5933.90
1657 5927.02
1658 5910.39
1659 5871.81
1660 5807.84
1661 5729.90
1662 5727.75
1663 5734.96
1664 5729.27
1665 5732.78
1666 5723.89
1667 5736.08
1668 5831.53
1669 5886.33
1670 5855.43
1671 5847.54
1672 5835.51
1673 5846.34
1674 5830.86
1675 5839.65
1676 5960.43
1677 5524.48
1678 5523.60
1679 5528.95
1680 5528.35
1681 5527.30
1682 5519.84
1683 5516.48
1684 5521.66
1685 5522.12
1686 5524.79
1687 5521.92
1688 5517.27
1689 5515.87
1690 5518.55
1691 5521.28
1692 5496.69
1693 5476.40
1694 5483.53
1695 5498.29
1696 5457.99
1697 5448.28
1698 5440.52
1699 5440.23
1700 5462.52
1701 5509.99
1702 5537.66
1703 5542.10
1704 5536.83
1705 5525.17
1706 5509.77
1707 5506.85
1708 5502.42
1709  0.00
1710  0.00
1711  0.00
1712  0.00
1713  0.00
1714 5214.93
1715 5216.23
1716 5221.12
1717 5215.51
1718 5213.26
1719 5214.09
1720 5223.90
1721 5226.23
1722 5224.86
1723 5226.58
1724 5227.18
1725 5231.12
1726 5221.21
1727 5227.36
1728 5227.76
1729  0.00
1730  0.00
1731  0.00
1732  0.00
1733  0.00
1734 5423.98
1735 5429.03
1736 5438.69
1737 5437.09
1738 5430.99
1739 5431.55
1740 5423.70
1741 5428.00
1742 5428.03
1743 5424.41
1744 5434.83
1745 5445.98
1746 5450.63
1747 5450.61
1748 5445.63
1749 5466.66
1750 5603.05
1751 5446.72
1752 5405.36
1753 5411.04
1754 5423.23
1755 5437.07
1756 5446.97
1757 5453.61
1758 5445.79
1759 5442.08
1760 5439.98
1761 5442.32
1762 5442.40
1763 5444.59
1764 5449.67
1765 5446.17
1766 5745.53
1767 5419.98
1768 5419.98
1769 5419.98
1770 5420.29
1771 5424.59
1772 5430.80
1773 5445.80
1774 5464.37
1775 5484.77
1776  0.00
1777  0.00
1778  0.00
1779  0.00
1780  0.00
1781 5426.59
1782 5426.59
1783 5426.59
1784 5426.59
1785 5441.60
1786 5458.94
1787 5466.36
1788 5463.43
1789 5496.52
1790 5508.26
1791 5510.14
1792 5515.79
1793 5516.69
1794 5522.50
1795 5512.65
1796 5506.97
1797 5503.03
1798 5496.13
1799 5493.29
1800 5494.61
1801 5515.49
1802 5523.75
1803 5513.47
1804 5505.23
1805 5503.41
1806 5474.45
1807 5434.22
1808 5432.83
1809 5430.06
1810 5439.90
1811 5443.67
1812 5449.06
1813 5443.02
1814 5444.00
1815 5449.95
1816 5461.08
1817 5454.11
1818 5440.65
1819 5429.28
1820 5433.78
1821 5439.54
1822 5457.07
1823 5457.07
1824 5227.80
1825 5227.80
1826 5227.80
1827 5227.80
1828 5232.92
1829 5233.62
1830 5235.11
1831 5232.93
1832 5235.08
1833 5233.02
1834 5233.22
1835 5229.51
1836 5231.08
1837 5228.01
1838 5217.00
1839 5204.66
1840 5193.15
1841  0.00
1842 5131.64
1843 5131.64
1844 5131.64
1845 5116.50
1846 5116.66
1847 5118.68
1848 5120.97
1849 5118.86
1850 5121.48
1851 5137.28
1852 5153.98
1853 5168.27
1854 5170.39
1855 5224.07
1856 5235.73
1857 5272.55
1858 5320.12
1859 5321.01
1860 5285.68
1861 5331.52
1862  0.00
1863  0.00
1864  0.00
1865  0.00
1866  0.00
1867  0.00
1868  0.00
1869  0.00
1870  0.00
1871  0.00
1872  0.00
1873  0.00
1874  0.00
1875 4425.04
1876 4425.04
1877 4425.04
1878 4425.04
1879 4425.04
1880 4710.81
1881 4733.88
1882 4739.09
1883 4742.32
1884 4742.82
1885 4741.35
1886 4738.62
1887 4739.32
1888 4741.15
1889 4743.66
1890 4743.42
1891 4741.77
1892 4737.09
1893 4725.55
1894 4725.68
1895 4726.77
1896 4732.10
1897 4731.80
1898 4730.89
1899 4727.64
1900 4744.52
1901 4742.35
1902 4744.65
1903 4739.27
1904 4740.13
1905 4738.95
1906 4739.16
1907 4738.87
1908 4738.79
1909 4736.41
1910 4736.16
1911 4738.43
1912 4737.95
1913 4737.81
1914 4737.90
1915 4737.64
1916 4742.55
1917 4741.32
1918 4726.96
1919 5181.79
1920 5164.70
1921 5150.27
1922 5143.32
1923 5135.53
1924 5133.78
1925 5134.09
1926 5130.80
1927 5130.92
1928 5130.11
1929 5126.20
1930 5126.67
1931 5128.89
1932 5131.27
1933 5130.36
1934 5128.87
1935 5127.23
1936 5127.05
1937 5124.82
1938 5128.18
1939 5131.76
1940 5136.87
1941 5143.98
1942 5140.08
1943 5133.65
1944 5124.11
1945 5123.93
1946 5119.66
1947 5123.84
1948 5121.97
1949 5131.70
1950 5132.90
1951 5134.83
1952 5136.42
1953 5146.72
1954 5154.94
1955 5166.19
1956 5160.34
1957 5165.71
1958 5270.83
1959 5242.47
1960 5224.43
1961 5217.99
1962 5215.87
1963 5217.16
1964 5221.03
1965 5221.28
1966 5220.64
1967 5222.31
1968 5224.96
1969 5225.00
1970 5221.74
1971 5223.10
1972 5227.87
1973 5234.95
1974 5234.15
1975 5243.81
1976 5232.19
1977 5227.20
1978 5227.20
1979 5238.45
1980 5238.45
1981 5231.23
1982 5228.04
1983 5227.18
1984 5217.88
1985 5223.88
1986 5226.13
1987 5220.22
1988 5217.95
1989 5213.24
1990 5220.87
1991 5218.72
1992 5231.78
1993 5232.46
1994 5263.08
1995 5302.82
1996 5359.67
1997 5424.99
1998 5424.99
1999 5435.52
2000 5436.18
2001 5440.51
2002 5441.44
2003 5441.78
2004 5438.06
2005 5437.32
2006 5438.58
2007 5446.97
2008 5447.22
2009 5451.72
2010 5445.05
2011 5449.74
2012 5438.78
2013 5439.68
2014 5434.31
2015 5431.95
2016 5423.73
2017 5425.89
2018 5438.45
2019 5441.82
2020 5426.70
2021 5431.36
2022 5446.98
2023 5451.18
2024 5458.73
2025 5459.28
2026 5459.45
2027 5456.94
2028 5453.04
2029 5456.53
2030 5441.02
2031 5436.71
2032 5400.46
2033 5431.51
2034 5427.33
2035 5129.16
2036 5131.04
2037 5130.37
2038 5128.67
2039 5127.72
2040 5124.99
2041 5126.38
2042 5128.42
2043 5130.57
2044 5141.72
2045 5145.67
2046 5171.62
2047 5194.85
2048 5208.53
2049 5216.51
2050 5212.95
2051 5219.84
2052 5207.82
2053 5220.39
2054 5217.93
2055 5235.89
2056 5250.71
2057 5249.55
2058 5242.36
2059 5443.81
2060 5443.81
2061 5446.11
2062 5445.83
2063 5443.60
2064 5439.07
2065 5461.26
2066 5449.94
2067 5465.69
2068 5454.29
2069 5465.97
2070 5460.05
2071 5446.51
2072 5445.85
2073 5477.63
2074 5489.08
2075 5496.42
2076 5498.32
2077 5485.79
2078 5473.04
2079 5458.59
2080 5435.17
2081 5440.88
2082 5434.86
2083 5455.61
2084 5446.92
2085 5445.51
2086 5442.45
2087 5449.85
2088 5468.26
2089 5453.65
2090 5432.74
2091 5407.26
2092 5376.03
2093 5252.92
2094 5211.70
2095 5211.15
2096 5214.42
2097 5222.31
2098 5233.84
2099 5233.72
2100 5255.33
2101  0.00
2102  0.00
2103  0.00
2104  0.00
2105  0.00
2106 5179.17
2107 5132.29
2108 5144.97
2109 5184.38
2110 5234.67
2111 5254.82
2112 5274.19
2113 5278.22
2114 5274.21
2115 5253.76
2116 5222.85
2117 5222.85
2118 5253.35
2119 5196.96
2120 5193.41
2121 5180.40
2122 5176.85
2123 5178.58
2124 5186.15
2125 5234.32
2126 5272.90
2127 5276.56
2128 5529.97
2129 5529.97
2130 5946.05
2131 6105.41
2132 6089.37
2133 6084.51
2134 6074.96
2135 6075.24
2136 5774.60
2137 5738.91
2138 5738.91
2139 5954.11
2140 6005.78
2141 6038.38
2142 6026.97
2143 6070.16
2144 6061.35
2145 6054.67
2146 6047.50
2147 6320.42
2148 6325.16
2149 6334.25
2150 6349.26
2151 6367.68
2152  0.00
2153  0.00
2154  0.00
2155  0.00
2156  0.00
2157  0.00
2158  0.00
2159  0.00
2160  0.00
2161  0.00
2162  0.00
2163  0.00
2164  0.00
2165  0.00
2166  0.00
2167 4732.58
2168 4734.73
2169 4734.81
2170 4731.36
2171 4726.27
2172 4720.64
2173 4719.66
2174 4720.23
2175 4723.64
2176 4723.48
2177 4727.43
2178 4730.92
2179 4734.36
2180 4733.09
2181 4709.38
2182 4714.81
2183 4720.05
2184 4728.17
2185 4736.23
2186 4735.21
2187 4737.93
2188 4736.77
2189 4739.23
2190 4737.59
2191 4736.80
2192 4736.58
2193 4736.42
2194 4737.40
2195 4735.79
2196 4740.47
2197 4738.57
2198 4743.01
2199 4734.92
2200 4737.58
2201 4732.85
2202 4736.78
2203 4735.68
2204 4739.49
2205 4741.43
2206 4742.47
2207 4743.06
2208 4742.74
2209 4743.04
2210 4739.43
2211 4740.19
2212 4738.51
2213 4743.29
2214 4741.07
2215 4740.41
2216 4737.46
2217 4737.13
2218 4742.10
2219 4742.39
2220 4737.02
2221 4739.04
2222 4735.14
2223 4743.00
2224 4736.79
2225 4733.77
2226 4728.86
2227 4730.47
2228 4731.90
2229 4729.68
2230 4731.00
2231 4731.51
2232 4726.21
2233 4726.24
2234 4728.79
2235 4730.84
2236 4725.78
2237 4725.43
2238 4725.40
2239 4725.94
2240 4732.66
2241 4730.14
2242 4735.95
2243 4721.50
2244 4721.48
2245 4720.01
2246 4720.72
2247 4725.81
2248 4724.09
2249 4726.68
2250 4724.31
2251 4724.31
2252 4720.59
2253 4727.14
2254 4730.33
2255 4725.79
2256 4726.87
2257 4731.96
2258 4733.88
2259 4721.84
2260 4721.01
2261 4720.94
2262  0.00
2263  0.00
2264  0.00
2265  0.00
2266  0.00
2267  0.00
2268  0.00
2269  0.00
2270  0.00
2271  0.00
2272  0.00
2273  0.00
2274  0.00
